0 1 -50.0
0 5 -50.0
1 0 -50.0
1 2 -50.0
1 6 -50.0
2 1 -50.0
2 3 -50.0
2 7 -50.0
3 2 -50.0
3 4 -50.0
3 8 -50.0
4 3 -50.0
4 9 -50.0
5 0 -50.0
5 6 -50.0
5 10 -50.0
6 1 -50.0
6 5 -50.0
6 7 -50.0
6 11 -50.0
7 2 -50.0
7 6 -50.0
7 8 -50.0
7 12 -50.0
8 3 -50.0
8 7 -50.0
8 9 -50.0
8 13 -50.0
9 4 -50.0
9 8 -50.0
9 14 -50.0
10 5 -50.0
10 11 -50.0
10 15 -50.0
11 6 -50.0
11 10 -50.0
11 12 -50.0
11 16 -50.0
12 7 -50.0
12 11 -50.0
12 13 -50.0
12 17 -50.0
13 8 -50.0
13 12 -50.0
13 14 -50.0
13 18 -50.0
14 9 -50.0
14 13 -50.0
14 19 -50.0
15 10 -50.0
15 16 -50.0
15 20 -50.0
16 11 -50.0
16 15 -50.0
16 17 -50.0
16 21 -50.0
17 12 -50.0
17 16 -50.0
17 18 -50.0
17 22 -50.0
18 13 -50.0
18 17 -50.0
18 19 -50.0
18 23 -50.0
19 14 -50.0
19 18 -50.0
19 24 -50.0
20 15 -50.0
20 21 -50.0
21 16 -50.0
21 20 -50.0
21 22 -50.0
22 17 -50.0
22 21 -50.0
22 23 -50.0
23 18 -50.0
23 22 -50.0
23 24 -50.0
24 19 -50.0
24 23 -50.0
