0 1 -50.0
0 10 -50.0
0 11 -50.0
1 0 -50.0
1 2 -50.0
1 10 -50.0
1 11 -50.0
1 12 -50.0
2 1 -50.0
2 3 -50.0
2 11 -50.0
2 12 -50.0
2 13 -50.0
3 2 -50.0
3 4 -50.0
3 12 -50.0
3 13 -50.0
3 14 -50.0
4 3 -50.0
4 5 -50.0
4 13 -50.0
4 14 -50.0
4 15 -50.0
5 4 -50.0
5 6 -50.0
5 14 -50.0
5 15 -50.0
5 16 -50.0
6 5 -50.0
6 7 -50.0
6 15 -50.0
6 16 -50.0
6 17 -50.0
7 6 -50.0
7 8 -50.0
7 16 -50.0
7 17 -50.0
7 18 -50.0
8 7 -50.0
8 9 -50.0
8 17 -50.0
8 18 -50.0
8 19 -50.0
9 8 -50.0
9 18 -50.0
9 19 -50.0
10 0 -50.0
10 1 -50.0
10 11 -50.0
10 20 -50.0
10 21 -50.0
11 0 -50.0
11 1 -50.0
11 2 -50.0
11 10 -50.0
11 12 -50.0
11 20 -50.0
11 21 -50.0
11 22 -50.0
12 1 -50.0
12 2 -50.0
12 3 -50.0
12 11 -50.0
12 13 -50.0
12 21 -50.0
12 22 -50.0
12 23 -50.0
13 2 -50.0
13 3 -50.0
13 4 -50.0
13 12 -50.0
13 14 -50.0
13 22 -50.0
13 23 -50.0
13 24 -50.0
14 3 -50.0
14 4 -50.0
14 5 -50.0
14 13 -50.0
14 15 -50.0
14 23 -50.0
14 24 -50.0
14 25 -50.0
15 4 -50.0
15 5 -50.0
15 6 -50.0
15 14 -50.0
15 16 -50.0
15 24 -50.0
15 25 -50.0
15 26 -50.0
16 5 -50.0
16 6 -50.0
16 7 -50.0
16 15 -50.0
16 17 -50.0
16 25 -50.0
16 26 -50.0
16 27 -50.0
17 6 -50.0
17 7 -50.0
17 8 -50.0
17 16 -50.0
17 18 -50.0
17 26 -50.0
17 27 -50.0
17 28 -50.0
18 7 -50.0
18 8 -50.0
18 9 -50.0
18 17 -50.0
18 19 -50.0
18 27 -50.0
18 28 -50.0
18 29 -50.0
19 8 -50.0
19 9 -50.0
19 18 -50.0
19 28 -50.0
19 29 -50.0
20 10 -50.0
20 11 -50.0
20 21 -50.0
20 30 -50.0
20 31 -50.0
21 10 -50.0
21 11 -50.0
21 12 -50.0
21 20 -50.0
21 22 -50.0
21 30 -50.0
21 31 -50.0
21 32 -50.0
22 11 -50.0
22 12 -50.0
22 13 -50.0
22 21 -50.0
22 23 -50.0
22 31 -50.0
22 32 -50.0
22 33 -50.0
23 12 -50.0
23 13 -50.0
23 14 -50.0
23 22 -50.0
23 24 -50.0
23 32 -50.0
23 33 -50.0
23 34 -50.0
24 13 -50.0
24 14 -50.0
24 15 -50.0
24 23 -50.0
24 25 -50.0
24 33 -50.0
24 34 -50.0
24 35 -50.0
25 14 -50.0
25 15 -50.0
25 16 -50.0
25 24 -50.0
25 26 -50.0
25 34 -50.0
25 35 -50.0
25 36 -50.0
26 15 -50.0
26 16 -50.0
26 17 -50.0
26 25 -50.0
26 27 -50.0
26 35 -50.0
26 36 -50.0
26 37 -50.0
27 16 -50.0
27 17 -50.0
27 18 -50.0
27 26 -50.0
27 28 -50.0
27 36 -50.0
27 37 -50.0
27 38 -50.0
28 17 -50.0
28 18 -50.0
28 19 -50.0
28 27 -50.0
28 29 -50.0
28 37 -50.0
28 38 -50.0
28 39 -50.0
29 18 -50.0
29 19 -50.0
29 28 -50.0
29 38 -50.0
29 39 -50.0
30 20 -50.0
30 21 -50.0
30 31 -50.0
30 40 -50.0
30 41 -50.0
31 20 -50.0
31 21 -50.0
31 22 -50.0
31 30 -50.0
31 32 -50.0
31 40 -50.0
31 41 -50.0
31 42 -50.0
32 21 -50.0
32 22 -50.0
32 23 -50.0
32 31 -50.0
32 33 -50.0
32 41 -50.0
32 42 -50.0
32 43 -50.0
33 22 -50.0
33 23 -50.0
33 24 -50.0
33 32 -50.0
33 34 -50.0
33 42 -50.0
33 43 -50.0
33 44 -50.0
34 23 -50.0
34 24 -50.0
34 25 -50.0
34 33 -50.0
34 35 -50.0
34 43 -50.0
34 44 -50.0
34 45 -50.0
35 24 -50.0
35 25 -50.0
35 26 -50.0
35 34 -50.0
35 36 -50.0
35 44 -50.0
35 45 -50.0
35 46 -50.0
36 25 -50.0
36 26 -50.0
36 27 -50.0
36 35 -50.0
36 37 -50.0
36 45 -50.0
36 46 -50.0
36 47 -50.0
37 26 -50.0
37 27 -50.0
37 28 -50.0
37 36 -50.0
37 38 -50.0
37 46 -50.0
37 47 -50.0
37 48 -50.0
38 27 -50.0
38 28 -50.0
38 29 -50.0
38 37 -50.0
38 39 -50.0
38 47 -50.0
38 48 -50.0
38 49 -50.0
39 28 -50.0
39 29 -50.0
39 38 -50.0
39 48 -50.0
39 49 -50.0
40 30 -50.0
40 31 -50.0
40 41 -50.0
40 50 -50.0
40 51 -50.0
41 30 -50.0
41 31 -50.0
41 32 -50.0
41 40 -50.0
41 42 -50.0
41 50 -50.0
41 51 -50.0
41 52 -50.0
42 31 -50.0
42 32 -50.0
42 33 -50.0
42 41 -50.0
42 43 -50.0
42 51 -50.0
42 52 -50.0
42 53 -50.0
43 32 -50.0
43 33 -50.0
43 34 -50.0
43 42 -50.0
43 44 -50.0
43 52 -50.0
43 53 -50.0
43 54 -50.0
44 33 -50.0
44 34 -50.0
44 35 -50.0
44 43 -50.0
44 45 -50.0
44 53 -50.0
44 54 -50.0
44 55 -50.0
45 34 -50.0
45 35 -50.0
45 36 -50.0
45 44 -50.0
45 46 -50.0
45 54 -50.0
45 55 -50.0
45 56 -50.0
46 35 -50.0
46 36 -50.0
46 37 -50.0
46 45 -50.0
46 47 -50.0
46 55 -50.0
46 56 -50.0
46 57 -50.0
47 36 -50.0
47 37 -50.0
47 38 -50.0
47 46 -50.0
47 48 -50.0
47 56 -50.0
47 57 -50.0
47 58 -50.0
48 37 -50.0
48 38 -50.0
48 39 -50.0
48 47 -50.0
48 49 -50.0
48 57 -50.0
48 58 -50.0
48 59 -50.0
49 38 -50.0
49 39 -50.0
49 48 -50.0
49 58 -50.0
49 59 -50.0
50 40 -50.0
50 41 -50.0
50 51 -50.0
50 60 -50.0
50 61 -50.0
51 40 -50.0
51 41 -50.0
51 42 -50.0
51 50 -50.0
51 52 -50.0
51 60 -50.0
51 61 -50.0
51 62 -50.0
52 41 -50.0
52 42 -50.0
52 43 -50.0
52 51 -50.0
52 53 -50.0
52 61 -50.0
52 62 -50.0
52 63 -50.0
53 42 -50.0
53 43 -50.0
53 44 -50.0
53 52 -50.0
53 54 -50.0
53 62 -50.0
53 63 -50.0
53 64 -50.0
54 43 -50.0
54 44 -50.0
54 45 -50.0
54 53 -50.0
54 55 -50.0
54 63 -50.0
54 64 -50.0
54 65 -50.0
55 44 -50.0
55 45 -50.0
55 46 -50.0
55 54 -50.0
55 56 -50.0
55 64 -50.0
55 65 -50.0
55 66 -50.0
56 45 -50.0
56 46 -50.0
56 47 -50.0
56 55 -50.0
56 57 -50.0
56 65 -50.0
56 66 -50.0
56 67 -50.0
57 46 -50.0
57 47 -50.0
57 48 -50.0
57 56 -50.0
57 58 -50.0
57 66 -50.0
57 67 -50.0
57 68 -50.0
58 47 -50.0
58 48 -50.0
58 49 -50.0
58 57 -50.0
58 59 -50.0
58 67 -50.0
58 68 -50.0
58 69 -50.0
59 48 -50.0
59 49 -50.0
59 58 -50.0
59 68 -50.0
59 69 -50.0
60 50 -50.0
60 51 -50.0
60 61 -50.0
60 70 -50.0
60 71 -50.0
61 50 -50.0
61 51 -50.0
61 52 -50.0
61 60 -50.0
61 62 -50.0
61 70 -50.0
61 71 -50.0
61 72 -50.0
62 51 -50.0
62 52 -50.0
62 53 -50.0
62 61 -50.0
62 63 -50.0
62 71 -50.0
62 72 -50.0
62 73 -50.0
63 52 -50.0
63 53 -50.0
63 54 -50.0
63 62 -50.0
63 64 -50.0
63 72 -50.0
63 73 -50.0
63 74 -50.0
64 53 -50.0
64 54 -50.0
64 55 -50.0
64 63 -50.0
64 65 -50.0
64 73 -50.0
64 74 -50.0
64 75 -50.0
65 54 -50.0
65 55 -50.0
65 56 -50.0
65 64 -50.0
65 66 -50.0
65 74 -50.0
65 75 -50.0
65 76 -50.0
66 55 -50.0
66 56 -50.0
66 57 -50.0
66 65 -50.0
66 67 -50.0
66 75 -50.0
66 76 -50.0
66 77 -50.0
67 56 -50.0
67 57 -50.0
67 58 -50.0
67 66 -50.0
67 68 -50.0
67 76 -50.0
67 77 -50.0
67 78 -50.0
68 57 -50.0
68 58 -50.0
68 59 -50.0
68 67 -50.0
68 69 -50.0
68 77 -50.0
68 78 -50.0
68 79 -50.0
69 58 -50.0
69 59 -50.0
69 68 -50.0
69 78 -50.0
69 79 -50.0
70 60 -50.0
70 61 -50.0
70 71 -50.0
70 80 -50.0
70 81 -50.0
71 60 -50.0
71 61 -50.0
71 62 -50.0
71 70 -50.0
71 72 -50.0
71 80 -50.0
71 81 -50.0
71 82 -50.0
72 61 -50.0
72 62 -50.0
72 63 -50.0
72 71 -50.0
72 73 -50.0
72 81 -50.0
72 82 -50.0
72 83 -50.0
73 62 -50.0
73 63 -50.0
73 64 -50.0
73 72 -50.0
73 74 -50.0
73 82 -50.0
73 83 -50.0
73 84 -50.0
74 63 -50.0
74 64 -50.0
74 65 -50.0
74 73 -50.0
74 75 -50.0
74 83 -50.0
74 84 -50.0
74 85 -50.0
75 64 -50.0
75 65 -50.0
75 66 -50.0
75 74 -50.0
75 76 -50.0
75 84 -50.0
75 85 -50.0
75 86 -50.0
76 65 -50.0
76 66 -50.0
76 67 -50.0
76 75 -50.0
76 77 -50.0
76 85 -50.0
76 86 -50.0
76 87 -50.0
77 66 -50.0
77 67 -50.0
77 68 -50.0
77 76 -50.0
77 78 -50.0
77 86 -50.0
77 87 -50.0
77 88 -50.0
78 67 -50.0
78 68 -50.0
78 69 -50.0
78 77 -50.0
78 79 -50.0
78 87 -50.0
78 88 -50.0
78 89 -50.0
79 68 -50.0
79 69 -50.0
79 78 -50.0
79 88 -50.0
79 89 -50.0
80 70 -50.0
80 71 -50.0
80 81 -50.0
80 90 -50.0
80 91 -50.0
81 70 -50.0
81 71 -50.0
81 72 -50.0
81 80 -50.0
81 82 -50.0
81 90 -50.0
81 91 -50.0
81 92 -50.0
82 71 -50.0
82 72 -50.0
82 73 -50.0
82 81 -50.0
82 83 -50.0
82 91 -50.0
82 92 -50.0
82 93 -50.0
83 72 -50.0
83 73 -50.0
83 74 -50.0
83 82 -50.0
83 84 -50.0
83 92 -50.0
83 93 -50.0
83 94 -50.0
84 73 -50.0
84 74 -50.0
84 75 -50.0
84 83 -50.0
84 85 -50.0
84 93 -50.0
84 94 -50.0
84 95 -50.0
85 74 -50.0
85 75 -50.0
85 76 -50.0
85 84 -50.0
85 86 -50.0
85 94 -50.0
85 95 -50.0
85 96 -50.0
86 75 -50.0
86 76 -50.0
86 77 -50.0
86 85 -50.0
86 87 -50.0
86 95 -50.0
86 96 -50.0
86 97 -50.0
87 76 -50.0
87 77 -50.0
87 78 -50.0
87 86 -50.0
87 88 -50.0
87 96 -50.0
87 97 -50.0
87 98 -50.0
88 77 -50.0
88 78 -50.0
88 79 -50.0
88 87 -50.0
88 89 -50.0
88 97 -50.0
88 98 -50.0
88 99 -50.0
89 78 -50.0
89 79 -50.0
89 88 -50.0
89 98 -50.0
89 99 -50.0
90 80 -50.0
90 81 -50.0
90 91 -50.0
91 80 -50.0
91 81 -50.0
91 82 -50.0
91 90 -50.0
91 92 -50.0
92 81 -50.0
92 82 -50.0
92 83 -50.0
92 91 -50.0
92 93 -50.0
93 82 -50.0
93 83 -50.0
93 84 -50.0
93 92 -50.0
93 94 -50.0
94 83 -50.0
94 84 -50.0
94 85 -50.0
94 93 -50.0
94 95 -50.0
95 84 -50.0
95 85 -50.0
95 86 -50.0
95 94 -50.0
95 96 -50.0
96 85 -50.0
96 86 -50.0
96 87 -50.0
96 95 -50.0
96 97 -50.0
97 86 -50.0
97 87 -50.0
97 88 -50.0
97 96 -50.0
97 98 -50.0
98 87 -50.0
98 88 -50.0
98 89 -50.0
98 97 -50.0
98 99 -50.0
99 88 -50.0
99 89 -50.0
99 98 -50.0
