0 1 -50.0
0 10 -50.0
1 0 -50.0
1 2 -50.0
1 11 -50.0
2 1 -50.0
2 3 -50.0
2 12 -50.0
3 2 -50.0
3 4 -50.0
3 13 -50.0
4 3 -50.0
4 5 -50.0
4 14 -50.0
5 4 -50.0
5 6 -50.0
5 15 -50.0
6 5 -50.0
6 7 -50.0
6 16 -50.0
7 6 -50.0
7 8 -50.0
7 17 -50.0
8 7 -50.0
8 9 -50.0
8 18 -50.0
9 8 -50.0
9 19 -50.0
10 0 -50.0
10 11 -50.0
10 20 -50.0
11 1 -50.0
11 10 -50.0
11 12 -50.0
11 21 -50.0
12 2 -50.0
12 11 -50.0
12 13 -50.0
12 22 -50.0
13 3 -50.0
13 12 -50.0
13 14 -50.0
13 23 -50.0
14 4 -50.0
14 13 -50.0
14 15 -50.0
14 24 -50.0
15 5 -50.0
15 14 -50.0
15 16 -50.0
15 25 -50.0
16 6 -50.0
16 15 -50.0
16 17 -50.0
16 26 -50.0
17 7 -50.0
17 16 -50.0
17 18 -50.0
17 27 -50.0
18 8 -50.0
18 17 -50.0
18 19 -50.0
18 28 -50.0
19 9 -50.0
19 18 -50.0
19 29 -50.0
20 10 -50.0
20 21 -50.0
20 30 -50.0
21 11 -50.0
21 20 -50.0
21 22 -50.0
21 31 -50.0
22 12 -50.0
22 21 -50.0
22 23 -50.0
22 32 -50.0
23 13 -50.0
23 22 -50.0
23 24 -50.0
23 33 -50.0
24 14 -50.0
24 23 -50.0
24 25 -50.0
24 34 -50.0
25 15 -50.0
25 24 -50.0
25 26 -50.0
25 35 -50.0
26 16 -50.0
26 25 -50.0
26 27 -50.0
26 36 -50.0
27 17 -50.0
27 26 -50.0
27 28 -50.0
27 37 -50.0
28 18 -50.0
28 27 -50.0
28 29 -50.0
28 38 -50.0
29 19 -50.0
29 28 -50.0
29 39 -50.0
30 20 -50.0
30 31 -50.0
30 40 -50.0
31 21 -50.0
31 30 -50.0
31 32 -50.0
31 41 -50.0
32 22 -50.0
32 31 -50.0
32 33 -50.0
32 42 -50.0
33 23 -50.0
33 32 -50.0
33 34 -50.0
33 43 -50.0
34 24 -50.0
34 33 -50.0
34 35 -50.0
34 44 -50.0
35 25 -50.0
35 34 -50.0
35 36 -50.0
35 45 -50.0
36 26 -50.0
36 35 -50.0
36 37 -50.0
36 46 -50.0
37 27 -50.0
37 36 -50.0
37 38 -50.0
37 47 -50.0
38 28 -50.0
38 37 -50.0
38 39 -50.0
38 48 -50.0
39 29 -50.0
39 38 -50.0
39 49 -50.0
40 30 -50.0
40 41 -50.0
40 50 -50.0
41 31 -50.0
41 40 -50.0
41 42 -50.0
41 51 -50.0
42 32 -50.0
42 41 -50.0
42 43 -50.0
42 52 -50.0
43 33 -50.0
43 42 -50.0
43 44 -50.0
43 53 -50.0
44 34 -50.0
44 43 -50.0
44 45 -50.0
44 54 -50.0
45 35 -50.0
45 44 -50.0
45 46 -50.0
45 55 -50.0
46 36 -50.0
46 45 -50.0
46 47 -50.0
46 56 -50.0
47 37 -50.0
47 46 -50.0
47 48 -50.0
47 57 -50.0
48 38 -50.0
48 47 -50.0
48 49 -50.0
48 58 -50.0
49 39 -50.0
49 48 -50.0
49 59 -50.0
50 40 -50.0
50 51 -50.0
50 60 -50.0
51 41 -50.0
51 50 -50.0
51 52 -50.0
51 61 -50.0
52 42 -50.0
52 51 -50.0
52 53 -50.0
52 62 -50.0
53 43 -50.0
53 52 -50.0
53 54 -50.0
53 63 -50.0
54 44 -50.0
54 53 -50.0
54 55 -50.0
54 64 -50.0
55 45 -50.0
55 54 -50.0
55 56 -50.0
55 65 -50.0
56 46 -50.0
56 55 -50.0
56 57 -50.0
56 66 -50.0
57 47 -50.0
57 56 -50.0
57 58 -50.0
57 67 -50.0
58 48 -50.0
58 57 -50.0
58 59 -50.0
58 68 -50.0
59 49 -50.0
59 58 -50.0
59 69 -50.0
60 50 -50.0
60 61 -50.0
60 70 -50.0
61 51 -50.0
61 60 -50.0
61 62 -50.0
61 71 -50.0
62 52 -50.0
62 61 -50.0
62 63 -50.0
62 72 -50.0
63 53 -50.0
63 62 -50.0
63 64 -50.0
63 73 -50.0
64 54 -50.0
64 63 -50.0
64 65 -50.0
64 74 -50.0
65 55 -50.0
65 64 -50.0
65 66 -50.0
65 75 -50.0
66 56 -50.0
66 65 -50.0
66 67 -50.0
66 76 -50.0
67 57 -50.0
67 66 -50.0
67 68 -50.0
67 77 -50.0
68 58 -50.0
68 67 -50.0
68 69 -50.0
68 78 -50.0
69 59 -50.0
69 68 -50.0
69 79 -50.0
70 60 -50.0
70 71 -50.0
70 80 -50.0
71 61 -50.0
71 70 -50.0
71 72 -50.0
71 81 -50.0
72 62 -50.0
72 71 -50.0
72 73 -50.0
72 82 -50.0
73 63 -50.0
73 72 -50.0
73 74 -50.0
73 83 -50.0
74 64 -50.0
74 73 -50.0
74 75 -50.0
74 84 -50.0
75 65 -50.0
75 74 -50.0
75 76 -50.0
75 85 -50.0
76 66 -50.0
76 75 -50.0
76 77 -50.0
76 86 -50.0
77 67 -50.0
77 76 -50.0
77 78 -50.0
77 87 -50.0
78 68 -50.0
78 77 -50.0
78 79 -50.0
78 88 -50.0
79 69 -50.0
79 78 -50.0
79 89 -50.0
80 70 -50.0
80 81 -50.0
80 90 -50.0
81 71 -50.0
81 80 -50.0
81 82 -50.0
81 91 -50.0
82 72 -50.0
82 81 -50.0
82 83 -50.0
82 92 -50.0
83 73 -50.0
83 82 -50.0
83 84 -50.0
83 93 -50.0
84 74 -50.0
84 83 -50.0
84 85 -50.0
84 94 -50.0
85 75 -50.0
85 84 -50.0
85 86 -50.0
85 95 -50.0
86 76 -50.0
86 85 -50.0
86 87 -50.0
86 96 -50.0
87 77 -50.0
87 86 -50.0
87 88 -50.0
87 97 -50.0
88 78 -50.0
88 87 -50.0
88 89 -50.0
88 98 -50.0
89 79 -50.0
89 88 -50.0
89 99 -50.0
90 80 -50.0
90 91 -50.0
91 81 -50.0
91 90 -50.0
91 92 -50.0
92 82 -50.0
92 91 -50.0
92 93 -50.0
93 83 -50.0
93 92 -50.0
93 94 -50.0
94 84 -50.0
94 93 -50.0
94 95 -50.0
95 85 -50.0
95 94 -50.0
95 96 -50.0
96 86 -50.0
96 95 -50.0
96 97 -50.0
97 87 -50.0
97 96 -50.0
97 98 -50.0
98 88 -50.0
98 97 -50.0
98 99 -50.0
99 89 -50.0
99 98 -50.0
