0 1 0.0
0 8 0.0
1 0 0.0
1 2 0.0
1 9 0.0
2 1 0.0
2 3 0.0
2 10 0.0
3 2 0.0
3 4 0.0
3 11 0.0
4 3 0.0
4 5 0.0
4 12 0.0
5 4 0.0
5 6 0.0
5 13 0.0
6 5 0.0
6 7 0.0
6 14 0.0
7 6 0.0
7 15 0.0
8 0 0.0
8 9 0.0
8 16 0.0
9 1 0.0
9 8 0.0
9 10 0.0
9 17 0.0
10 2 0.0
10 9 0.0
10 11 0.0
10 18 0.0
11 3 0.0
11 10 0.0
11 12 0.0
11 19 0.0
12 4 0.0
12 11 0.0
12 13 0.0
12 20 0.0
13 5 0.0
13 12 0.0
13 14 0.0
13 21 0.0
14 6 0.0
14 13 0.0
14 15 0.0
14 22 0.0
15 7 0.0
15 14 0.0
15 23 0.0
16 8 0.0
16 17 0.0
16 24 0.0
17 9 0.0
17 16 0.0
17 18 0.0
17 25 0.0
18 10 0.0
18 17 0.0
18 19 0.0
18 26 0.0
19 11 0.0
19 18 0.0
19 20 0.0
19 27 0.0
20 12 0.0
20 19 0.0
20 21 0.0
20 28 0.0
21 13 0.0
21 20 0.0
21 22 0.0
21 29 0.0
22 14 0.0
22 21 0.0
22 23 0.0
22 30 0.0
23 15 0.0
23 22 0.0
23 31 0.0
24 16 0.0
24 25 0.0
24 32 0.0
25 17 0.0
25 24 0.0
25 26 0.0
25 33 0.0
26 18 0.0
26 25 0.0
26 27 0.0
26 34 0.0
27 19 0.0
27 26 0.0
27 28 0.0
27 35 0.0
28 20 0.0
28 27 0.0
28 29 0.0
28 36 0.0
29 21 0.0
29 28 0.0
29 30 0.0
29 37 0.0
30 22 0.0
30 29 0.0
30 31 0.0
30 38 0.0
31 23 0.0
31 30 0.0
31 39 0.0
32 24 0.0
32 33 0.0
32 40 0.0
33 25 0.0
33 32 0.0
33 34 0.0
33 41 0.0
34 26 0.0
34 33 0.0
34 35 0.0
34 42 0.0
35 27 0.0
35 34 0.0
35 36 0.0
35 43 0.0
36 28 0.0
36 35 0.0
36 37 0.0
36 44 0.0
37 29 0.0
37 36 0.0
37 38 0.0
37 45 0.0
38 30 0.0
38 37 0.0
38 39 0.0
38 46 0.0
39 31 0.0
39 38 0.0
39 47 0.0
40 32 0.0
40 41 0.0
40 48 0.0
41 33 0.0
41 40 0.0
41 42 0.0
41 49 0.0
42 34 0.0
42 41 0.0
42 43 0.0
42 50 0.0
43 35 0.0
43 42 0.0
43 44 0.0
43 51 0.0
44 36 0.0
44 43 0.0
44 45 0.0
44 52 0.0
45 37 0.0
45 44 0.0
45 46 0.0
45 53 0.0
46 38 0.0
46 45 0.0
46 47 0.0
46 54 0.0
47 39 0.0
47 46 0.0
47 55 0.0
48 40 0.0
48 49 0.0
48 56 0.0
49 41 0.0
49 48 0.0
49 50 0.0
49 57 0.0
50 42 0.0
50 49 0.0
50 51 0.0
50 58 0.0
51 43 0.0
51 50 0.0
51 52 0.0
51 59 0.0
52 44 0.0
52 51 0.0
52 53 0.0
52 60 0.0
53 45 0.0
53 52 0.0
53 54 0.0
53 61 0.0
54 46 0.0
54 53 0.0
54 55 0.0
54 62 0.0
55 47 0.0
55 54 0.0
55 63 0.0
56 48 0.0
56 57 0.0
57 49 0.0
57 56 0.0
57 58 0.0
58 50 0.0
58 57 0.0
58 59 0.0
59 51 0.0
59 58 0.0
59 60 0.0
60 52 0.0
60 59 0.0
60 61 0.0
61 53 0.0
61 60 0.0
61 62 0.0
62 54 0.0
62 61 0.0
62 63 0.0
63 55 0.0
63 62 0.0
